10,125
10,295
10,161
10,15
10,149
10,159
10,249
10,147
10,3
9,7
18,1
18,3
20,3
20,2
20,1
19,3
19,2
19,1
12,3
12,2
12,1
11,28
11,27
11,26
11,25
11,24
11,23
11,22
11,21
11,20
11,19
11,18
11,17
11,16
11,15
11,14
11,13
11,12
11,11
11,10
11,9
11,8
11,7
11,6
11,5
11,4
11,3
11,2
11,1
10,303
10,302
10,301
10,300
10,299
10,298
10,297
10,296
10,294
10,288
10,265
10,256
10,243
10,241
10,239
10,221
10,103
10,1
10,101
10,2
9,1
9,5
9,3
9,2
8,15
8,14
8,13
8,10
8,8
8,1
2,2
2,1
8,7
8,3
2,3
8,2
3,3
3,2
3,1
51,34
51,33
51,32
51,31
51,30
51,29
51,28
51,27
51,26
51,25
